8
0 20 30 15 25 18 22 12
20 0 25 10 30 14 20 19
30 25 0 18 22 16 27 23
15 10 18 0 28 25 14 20
25 30 22 28 0 35 19 24
18 14 16 25 35 0 30 28
22 20 27 14 19 30 0 26
12 19 23 20 24 28 26 0

0 40 15 30 25 18 22 35
35 0 20 25 15 22 28 30
10 18 0 22 20 30 14 25
28 14 25 0 27 23 20 18
20 30 22 27 0 25 28 14
30 20 30 23 25 0 24 32
22 28 14 20 28 24 0 21
35 30 25 18 14 32 21 0

(100,200)
(250,150)
(300,400)
(450,300)
(200,350)
(400,250)
(350,100)
(500,450)

(350,250)
